1378225617 1782
1378232141 1821
1378232270 1994
1378279128 2124
1378280042 2186
1378283980 2206
1378284289 1774
1378289966 1828
1378363777 1883
1378382238 2568
1378433508 2576
1378464579 2650
1378466904 2709
1378472024 2911
1378486668 2911
1378641334 2923
1378645497 2923
1378645983 3625
1378646337 3615
1378646408 3615
1378646773 3276
1378650225 3367
1378652993 3368
1378654818 3510
1378664665 3689
1378700921 3890
1378700981 3890
1378701164 3891
1378702094 3897
1378704667 3890
1378719300 3897
1378720675 3904
1378722918 3904
1378757627 3999
1378758869 4007
1378760673 4047
1378786401 4049
1378796722 4260
1378801138 4549
1378803760 4653
1378805468 4678
1378808987 4678
1378809609 4692
1378816952 4692
1378879940 4733
1378883458 4751
1378906333 4767
1378913171 4772
1378923539 4871
1378950447 4873
1378956892 4904
1378961607 4962
1378963459 4962
1378978512 4817
1378981584 4820
1379008426 4868
1379037574 4880
1379076359 5050
1379082896 5181
1379086848 5218
1379088348 5262
1379088398 6082
1379088950 6080
1379093704 6099
1379095276 6103
1379098359 6103
1379157784 6112
1379169257 6147
1379170215 6149
1379176664 6241
1379178639 6307
1379217077 6324
1379263004 6311
1379414057 6313
1379419105 6367
1379419307 6371
1379419513 6374
1379444440 6756
1379445951 6762
1379476986 6747
1379483515 6846
1379484510 6863
1379486480 6929
1379496595 6923
1379496784 6919
1379499267 6919
1379500992 6933
1379509434 6966
1379510143 6966
1379517641 6986
1379529899 7028
1379570928 7030
1379586593 7061
1379588392 7063
1379593854 7238
1379597318 7240
1379620165 7298
1379647542 7302
1379655539 7323
1379655917 7323
1379677392 7902
1379697648 7349
1379699727 7488
1379701682 7490
1379703590 7557
1379734790 7590
1379737540 7618
1379750253 7684
1379752301 7691
1379767838 7819
1379771144 7811
1379771368 7810
1379777477 7889
1379784136 7915
1379940612 7920
1379940930 7919
1379943733 7907
1379945078 7907
1379948293 7910
1379959012 7915
1379995002 7972
1380004492 8126
1380005370 8138
1380007168 8142
1380076339 8174
1380076804 8187
1380082637 8225
1380084209 8225
1380114400 8238
1380115653 8246
1380120526 8472
1380121762 8488
1380123372 8520
1380127608 8525
1380133368 8520
1380134708 8524
1380192221 8584
1380193247 8618
1380203214 8695
1380207322 8695
1380210315 8702
1380244426 8703
1380302236 8721
1380607501 8728
1380782105 9427
1380784799 9433
1380807080 9594
1382591389 9591
1383388736 9591
1383390180 9584
1394981117 9580
1396066610 9580
1396066630 9534
1401201509 9580
1420129422 9580
1420632133 9579
1425569040 9579
1434788555 9581
1439025402 9581
1442074083 9581
1458041099 3657
1458098214 3670
